PLANILHA - APROXIMAÇÃO

numero de vertices:
  seed | corte- approx |  corte-jansen | time appr | time(jansen)


100:
  1    |  2 *          |      2        |  0.002s   |   0.004       |   
  2    |  2 *          |      2        |  0.002    |   0.004       |
  3    |  2 *          |      2        |  0.002    |   0.003       |
  4    |  2 *          |      2        |  0.002    |   0.002       |
  5    |  2 *          |      2        |  0.001    |   0.002       |
  6    |  3            |      2        |  0.002    |   0.002       |
  7    |  5            |      2        |  0.002    |   0.003       |
  8    |  2 *          |      2        |  0.002    |   0.003       |
  9    |  2 *          |      2        |  0.001    |   0.004       |
  10   |  5            |      2        |  0.002    |   0.005       |



200: 
  1    |    3          |      2        |  0.002s   |  0.016        |   
  2    |    2  *       |      2        |  0.002    |  0.013        |
  3    |    2  *       |      2        |  0.003    |  0.009        |
  4    |    8          |      3        |  0.002    |  0.009        |
  5    |    3          |      2        |  0.002    |  0.009        |
  6    |    8          |      3        |  0.003    |  0.009        |
  7    |    7          |      3        |  0.002    |  0.009        |
  8    |    2  *       |      2        |  0.002    |  0.009        |
  9    |    2  *       |      2        |  0.002    |  0.01         |
  10   |    3          |      2        |  0.001    |  0.009        |




400: 
  1    |      5        |       3       |  0.002s   | 0.053         |
  2    |      5        |       2       |  0.002    | 0.049         |
  3    |      3        |       2       |  0.003    | 0.046         |
  4    |      6        |       2       |  0.002    | 0.048         |
  5    |      6        |       2       |  0.002    | 0.05          |
  6    |      6        |       2       |  0.004    | 0.046         |
  7    |      6        |       2       |  0.004    | 0.049         |
  8    |      8        |       2       |  0.002    | 0.05          |
  9    |      2 *      |       2       |  0.002    | 0.048         |
  10   |      2 *      |       2       |  0.002    | 0.047         |




800: 
  1    |      2 *      |       2       |  0.003 s  | 0.331         |   
  2    |      9        |       3       |  0.004    | 0.342         |
  3    |      6        |       2       |  0.002    | 0.328         |
  4    |      3 *      |       3       |  0.003    | 0.339         |
  5    |      8        |       3       |  0.004    | 0.345         |
  6    |      2 *      |       2       |  0.003    | 0.344         |
  7    |      6        |       3       |  0.003    | 0.337         |
  8    |      6        |       2       |  0.002    | 0.345         |
  9    |      2 *      |       2       |  0.002    | 0.333         |
  10   |      6        |       2       |  0.002    | 0.327         |




1600: 
  1    |      2 *      |        2      |  0.004 s  |  2.657        |   
  2    |      2 *      |        2      |  0.005    |  2.592        |
  3    |      7        |        2      |  0.003    |  2.563        |
  4    |      5        |        2      |  0.006    |  2.564        |
  5    |      2 *      |        2      |  0.003    |  2.599        |
  6    |      8        |        3      |  0.003    |  2.61         |
  7    |      2 *      |        2      |  0.003    |  2.64         |
  8    |      6        |        3      |  0.003    |  2.591        |
  9    |      2 *      |        2      |  0.006    |  2.668        |
  10   |      3 *      |        3      |  0.004    |  2.704        |




3200: 
  1    |       9       |       2       |  0.008s   | 21.697        |   
  2    |       5       |       3       |  0.005    | 21.412        |
  3    |       9       |       3       |  0.007    | 21.475        |
  4    |       2       |       2       |  0.004    | 21.448        |
  5    |       7       |       2       |  0.005    | 20.671        |
  6    |       3       |       2       |  0.005    | 20.743        |
  7    |       5       |       2       |  0.006    | 21.051        |
  8    |       7       |       3       |  0.006    | 21.284        |
  9    |       6       |       2       |  0.005    | 21.29         |
  10   |       7       |       2       |  0.006    | 20.872        |





10000: 
  1    |       8       |               |  0.029 s  |  10m33.428s   |   
  2    |       9       |               |  0.021    |  10m44.96 s   |
  3    |       8       |               |  0.018    |  10m44.871s   |
  4    |       9       |               |  0.017    |  10m47.839s   |
  5    |       8       |               |  0.013    |  10m39.262s   |
  6    |       8       |               |  0.017    |  10m41.466s   |
  7    |       9       |               |  0.019    |  10m39.038s   |
  8    |       6       |               |  0.026    |  10m51.586s   |
  9    |       8       |               |  0.020    |  10m56.644s   |
  10   |       6       |               |  0.014    |  11m 9.895s   |










10000: 
  1    |               |               |  0.004 s   |  0.004        |   
  2    |               |               |  0.004 s   |  0.004        |
  3    |               |               |  0.004 s   |  0.004        |
  4    |               |               |  0.004 s   |  0.004        |
  5    |               |               |  0.004 s   |  0.004        |
  6    |               |               |  0.004 s   |  0.004        |
  7    |               |               |  0.004 s   |  0.004        |
  8    |               |               |  0.004 s   |  0.004        |
  9    |               |               |  0.004 s   |  0.004        |
  10   |               |               |  0.004 s   |  0.004        |        



10000: 
  1    |               |               |  0.004 s   |  0.004        |   
  2    |               |               |  0.004 s   |  0.004        |
  3    |               |               |  0.004 s   |  0.004        |
  4    |               |               |  0.004 s   |  0.004        |
  5    |               |               |  0.004 s   |  0.004        |
  6    |               |               |  0.004 s   |  0.004        |
  7    |               |               |  0.004 s   |  0.004        |
  8    |               |               |  0.004 s   |  0.004        |
  9    |               |               |  0.004 s   |  0.004        |
  10   |               |               |  0.004 s   |  0.004        |

10000: 
  1    |               |               |  0.004 s   |  0.004        |   
  2    |               |               |  0.004 s   |  0.004        |
  3    |               |               |  0.004 s   |  0.004        |
  4    |               |               |  0.004 s   |  0.004        |
  5    |               |               |  0.004 s   |  0.004        |
  6    |               |               |  0.004 s   |  0.004        |
  7    |               |               |  0.004 s   |  0.004        |
  8    |               |               |  0.004 s   |  0.004        |
  9    |               |               |  0.004 s   |  0.004        |
  10   |               |               |  0.004 s   |  0.004        |

10000: 
  1    |               |               |  0.004 s   |  0.004        |   
  2    |               |               |  0.004 s   |  0.004        |
  3    |               |               |  0.004 s   |  0.004        |
  4    |               |               |  0.004 s   |  0.004        |
  5    |               |               |  0.004 s   |  0.004        |
  6    |               |               |  0.004 s   |  0.004        |
  7    |               |               |  0.004 s   |  0.004        |
  8    |               |               |  0.004 s   |  0.004        |
  9    |               |               |  0.004 s   |  0.004        |
  10   |               |               |  0.004 s   |  0.004        |